# Age in kyr / T in °C
0	-32.637519
0.2	-32.745664
0.4	-31.84526
0.6	-32.566297
0.8	-33.090255
1	-31.098357
1.2	-29.709155
1.4	-31.547714
1.6	-30.989885
1.8	-31.558215
2	-32.556483
2.2	-31.141466
2.4	-31.363147
2.6	-32.554046
2.8	-34.153449
3	-30.893084
3.2	-31.469792
3.4	-32.365983
3.6	-30.815762
3.8	-30.218841
4	-30.804561
4.2	-31.480241
4.4	-31.572624
4.6	-31.998764
4.8	-30.817936
5	-30.611132
5.2	-31.727424
5.4	-31.791439
5.6	-31.381768
5.8	-31.154603
6	-31.452127
6.2	-31.758727
6.4	-31.319375
6.6	-32.233348
6.8	-31.893739
7	-32.405977
7.2	-31.753515
7.4	-32.730235
7.6	-32.049653
7.8	-32.280671
8	-32.717978
8.2	-33.351512
8.4	-34.022691
8.6	-32.262576
8.8	-32.748254
9	-32.696203
9.2	-32.366761
9.4	-32.904001
9.6	-33.409528
9.8	-33.506898
10	-32.797405
10.2	-33.512542
10.4	-34.040556
10.6	-33.669913
10.8	-34.346245
11	-32.817321
11.2	-34.378014
11.4	-33.869936
11.6	-34.530909
11.8	-32.786229
12	-33.910125
12.2	-34.990542
12.4	-35.938639
12.6	-35.650233
12.8	-37.31306
13	-37.104675
13.2	-36.804224
13.4	-38.749211
13.6	-37.766348
13.8	-35.670791
14	-37.300777
14.2	-35.78957
14.4	-36.905879
14.6	-36.665886
14.8	-37.304448
15	-36.978863
15.2	-38.182695
15.4	-39.577183
15.6	-38.48307
15.8	-38.307992
16	-38.122482
16.2	-39.305128
16.4	-39.506729
16.6	-37.982685
16.8	-40.261621
17	-39.052434
17.2	-40.575612
17.4	-40.977642
17.6	-41.820728
17.8	-42.208222
18	-42.210674
18.2	-41.632125
18.4	-41.632334
18.6	-41.130325
18.8	-41.838163
19	-41.499779
19.2	-41.9172
19.4	-42.459884
19.6	-42.637382
19.8	-43.819787
20	-43.272944
20.2	-44.150326
20.4	-42.333395
20.6	-42.362118
20.8	-43.61952
21	-42.198068
21.2	-42.927974
21.4	-43.624403
21.6	-44.842867
21.8	-44.498569
22	-44.042581
22.2	-43.790995
22.4	-44.661363
22.6	-44.899602
22.8	-43.54984
23	-43.472012
23.2	-43.073928
23.4	-43.257718
23.6	-43.334376
23.8	-41.680077
24	-43.221947
24.2	-44.095355
24.4	-44.230581
24.6	-43.288097
24.8	-44.368196
25	-44.683701
25.2	-44.185424
25.4	-43.897387
25.6	-44.464668
25.8	-44.313073
26	-45.514205
26.2	-44.945106
26.4	-43.951457
26.6	-44.196869
26.8	-43.484767
27	-43.561074
27.2	-43.918497
27.4	-44.3308
27.6	-43.017835
27.8	-43.170595
28	-43.348656
28.2	-42.354661
28.4	-43.727343
28.6	-42.974431
28.8	-41.605795
29	-41.502999
29.2	-42.196321
29.4	-41.754844
29.6	-41.383018
29.8	-41.111798
30	-42.204269
30.2	-42.256342
30.4	-42.472699
30.6	-41.518903
30.8	-42.806998
31	-41.524155
31.2	-41.944059
31.4	-42.045051
31.6	-42.723407
31.8	-42.4195
32	-41.677059
32.2	-42.505619
32.4	-40.725112
32.6	-41.853688
32.8	-41.182833
33	-41.007234
33.2	-42.328755
33.4	-42.45278
33.6	-41.565069
33.8	-40.690674
34	-41.50983
34.2	-41.11555
34.4	-41.788321
34.6	-42.547197
34.8	-43.589268
35	-42.484297
35.2	-42.392461
35.4	-41.750089
35.6	-40.116982
35.8	-40.596539
36	-40.303886
36.2	-41.070676
36.4	-41.347171
36.6	-41.372256
36.8	-41.202273
37	-41.48555
37.2	-40.821794
37.4	-41.536388
37.6	-39.878168
37.8	-40.103882
38	-40.124004
38.2	-39.123402
38.4	-39.432566
38.6	-39.280221
38.8	-38.800809
39	-39.183861
39.2	-38.976347
39.4	-39.355124
39.6	-41.131001
39.8	-41.902913
40	-41.712343
40.2	-41.247755
40.4	-41.988208
40.6	-42.497731
40.8	-42.552502
41	-41.806407
41.2	-42.241144
41.4	-41.295479
41.6	-40.679527
41.8	-40.469073
42	-41.098992
42.2	-41.926361
42.4	-41.742441
42.6	-41.319378
42.8	-42.18574
43	-40.821905
43.2	-40.248295
43.4	-39.293338
43.6	-39.823459
43.8	-40.249544
44	-40.974216
44.2	-40.935217
44.4	-42.203405
44.6	-40.741402
44.8	-40.61502
45	-40.751527
45.2	-40.848585
45.4	-40.904519
45.6	-40.102658
45.8	-40.037487
46	-40.065924
46.2	-39.313725
46.4	-39.943449
46.6	-40.181812
46.8	-37.961757
47	-39.000131
47.2	-38.564068
47.4	-39.542202
47.6	-39.953594
47.8	-39.487934
48	-39.403159
48.2	-40.422771
48.4	-41.147604
48.6	-41.306954
48.8	-41.341865
49	-41.092303
49.2	-40.069939
49.4	-40.417377
49.6	-40.789308
49.8	-41.047898
50	-41.015199
50.2	-41.26016
50.4	-40.557503
50.6	-40.401882
50.8	-40.103071
51	-40.169835
51.2	-41.453588
51.4	-40.085481
51.6	-39.745603
51.8	-39.909802
52	-40.237007
52.2	-39.379924
52.4	-39.267822
52.6	-39.26979
52.8	-39.296778
53	-38.597047
53.2	-39.157908
53.4	-39.216714
53.6	-38.820901
53.8	-38.027483
54	-38.129857
54.2	-37.894772
54.4	-39.039748
54.6	-38.542319
54.8	-38.716662
55	-38.956275
55.2	-38.975005
55.4	-39.419911
55.6	-39.37401
55.8	-38.485329
56	-39.038784
56.2	-39.879938
56.4	-40.044754
56.6	-40.026082
56.8	-40.886005
57	-40.440405
57.2	-40.329623
57.4	-40.170836
57.6	-39.988824
57.8	-39.361378
58	-38.979333
58.2	-38.959202
58.4	-39.160596
58.6	-39.147733
58.8	-40.334489
59	-38.092418
59.2	-37.536347
59.4	-39.032026
59.6	-37.49894
59.8	-38.040487
60	-38.299633
60.2	-39.108069
60.4	-38.209757
60.6	-38.531133
60.8	-38.726066
61	-39.079573
61.2	-39.284872
61.4	-39.386243
61.6	-39.954266
61.8	-39.090954
62	-39.755159
62.2	-39.732827
62.4	-40.262728
62.6	-40.66652
62.8	-41.103595
63	-41.194117
63.2	-41.595093
63.4	-42.816614
63.6	-42.43911
63.8	-42.416827
64	-42.726337
64.2	-43.302889
64.4	-41.643918
64.6	-41.79572
64.8	-41.285905
65	-41.940468
65.2	-42.652178
65.4	-42.036364
65.6	-41.769999
65.8	-41.862156
66	-41.198737
66.2	-42.364615
66.4	-41.990454
66.6	-42.315227
66.8	-42.037999
67	-42.986412
67.2	-43.095286
67.4	-42.572526
67.6	-43.40722
